351 0 FBIS3-10411 0
351 0 FBIS3-10433 0
351 0 FBIS3-10464 0
351 0 FBIS3-10551 1
351 0 FBIS3-10646 1
351 0 FBIS3-10697 1
351 0 FBIS3-10698 0
351 0 FBIS3-10889 0
351 0 FBIS3-11106 0
351 0 FBIS3-11107 1
351 0 FBIS3-11364 0
351 0 FBIS3-11385 0
351 0 FBIS3-11886 0
351 0 FBIS3-11935 0
351 0 FBIS3-1587 0
351 0 FBIS3-16339 0
351 0 FBIS3-1652 0
351 0 FBIS3-17382 0
351 0 FBIS3-18201 0
351 0 FBIS3-18385 0
351 0 FBIS3-18973 0
351 0 FBIS3-19947 1
351 0 FBIS3-20148 0
351 0 FBIS3-20632 0
351 0 FBIS3-20634 0
351 0 FBIS3-20636 0
351 0 FBIS3-20643 0
351 0 FBIS3-20644 0
351 0 FBIS3-2204 0
351 0 FBIS3-2205 0
351 0 FBIS3-23206 0
351 0 FBIS3-24653 0
351 0 FBIS3-24678 0
351 0 FBIS3-24964 0
351 0 FBIS3-26403 0
351 0 FBIS3-26572 0
351 0 FBIS3-27685 0
351 0 FBIS3-28220 0
351 0 FBIS3-29351 0
351 0 FBIS3-3104 0
351 0 FBIS3-31675 0
351 0 FBIS3-32109 0
351 0 FBIS3-32191 0
351 0 FBIS3-32239 0
351 0 FBIS3-32761 0
351 0 FBIS3-32972 0
351 0 FBIS3-33035 1
351 0 FBIS3-33313 0
351 0 FBIS3-33505 1
351 0 FBIS3-33597 0
351 0 FBIS3-33601 0
351 0 FBIS3-35630 0
351 0 FBIS3-35759 0
351 0 FBIS3-36078 0
351 0 FBIS3-36643 0
351 0 FBIS3-3891 0
351 0 FBIS3-39512 0
351 0 FBIS3-40497 0
351 0 FBIS3-41436 0
351 0 FBIS3-41666 0
351 0 FBIS3-41793 0
351 0 FBIS3-43166 0
351 0 FBIS3-43220 0
351 0 FBIS3-43513 0
351 0 FBIS3-43884 0
351 0 FBIS3-44471 0
351 0 FBIS3-4492 0
351 0 FBIS3-45434 0
351 0 FBIS3-45649 0
351 0 FBIS3-48262 0
351 0 FBIS3-50505 0
351 0 FBIS3-50570 1
351 0 FBIS3-50606 0
351 0 FBIS3-50612 0
351 0 FBIS3-50699 0
351 0 FBIS3-50743 0
351 0 FBIS3-50922 0
351 0 FBIS3-51035 0
351 0 FBIS3-51040 0
351 0 FBIS3-51041 0
351 0 FBIS3-51080 0
351 0 FBIS3-51311 0
351 0 FBIS3-51370 0
351 0 FBIS3-51689 0
351 0 FBIS3-51721 0
351 0 FBIS3-51901 0
351 0 FBIS3-51909 0
351 0 FBIS3-52036 0
351 0 FBIS3-52070 0
351 0 FBIS3-538 0
351 0 FBIS3-53852 0
351 0 FBIS3-54845 0
351 0 FBIS3-58 0
351 0 FBIS3-59016 1
351 0 FBIS3-59784 0
351 0 FBIS3-59836 0
351 0 FBIS3-60134 0
351 0 FBIS3-60926 0
351 0 FBIS3-6105 0
351 0 FBIS3-61335 0
351 0 FBIS3-61336 0
351 0 FBIS3-627 0
351 0 FBIS3-67 0
351 0 FBIS3-6828 0
351 0 FBIS3-6945 0
351 0 FBIS3-7854 0
351 0 FBIS3-8915 0
351 0 FBIS3-9646 0
351 0 FBIS3-9916 0
351 0 FBIS3-9918 0
351 0 FBIS4-10222 0
351 0 FBIS4-10337 0
351 0 FBIS4-10411 0
351 0 FBIS4-10762 1
351 0 FBIS4-10796 0
351 0 FBIS4-10889 0
351 0 FBIS4-10931 0
351 0 FBIS4-11052 0
351 0 FBIS4-11113 0
351 0 FBIS4-11114 1
351 0 FBIS4-11284 0
351 0 FBIS4-11409 0
351 0 FBIS4-11427 0
351 0 FBIS4-11514 0
351 0 FBIS4-11575 0
351 0 FBIS4-11709 0
351 0 FBIS4-18353 0
351 0 FBIS4-19 0
351 0 FBIS4-19809 0
351 0 FBIS4-20472 0
351 0 FBIS4-20504 0
351 0 FBIS4-20717 0
351 0 FBIS4-2260 0
351 0 FBIS4-22772 0
351 0 FBIS4-22915 0
351 0 FBIS4-23114 0
351 0 FBIS4-23131 0
351 0 FBIS4-23446 0
351 0 FBIS4-24664 0
351 0 FBIS4-25132 0
351 0 FBIS4-25661 0
351 0 FBIS4-25780 0
351 0 FBIS4-26622 0
351 0 FBIS4-2712 0
351 0 FBIS4-27345 0
351 0 FBIS4-27350 0
351 0 FBIS4-2819 0
351 0 FBIS4-28698 0
351 0 FBIS4-28898 0
351 0 FBIS4-29 0
351 0 FBIS4-29333 0
351 0 FBIS4-2952 0
351 0 FBIS4-2953 0
351 0 FBIS4-29595 0
351 0 FBIS4-29955 0
351 0 FBIS4-33153 0
351 0 FBIS4-33167 0
351 0 FBIS4-33819 0
351 0 FBIS4-34072 0
351 0 FBIS4-34145 0
351 0 FBIS4-34579 1
351 0 FBIS4-34747 0
351 0 FBIS4-34974 0
351 0 FBIS4-34995 0
351 0 FBIS4-34996 1
351 0 FBIS4-35007 0
351 0 FBIS4-35047 0
351 0 FBIS4-35048 1
351 0 FBIS4-3763 0
351 0 FBIS4-37695 0
351 0 FBIS4-40422 0
351 0 FBIS4-4072 0
351 0 FBIS4-41008 0
351 0 FBIS4-42 0
351 0 FBIS4-42534 0
351 0 FBIS4-44519 0
351 0 FBIS4-44559 0
351 0 FBIS4-44560 0
351 0 FBIS4-44591 0
351 0 FBIS4-44592 0
351 0 FBIS4-44937 0
351 0 FBIS4-46461 0
351 0 FBIS4-46693 0
351 0 FBIS4-46774 0
351 0 FBIS4-47354 0
351 0 FBIS4-47629 0
351 0 FBIS4-47737 0
351 0 FBIS4-48032 0
351 0 FBIS4-48273 0
351 0 FBIS4-48746 0
351 0 FBIS4-49573 0
351 0 FBIS4-49987 0
351 0 FBIS4-50410 0
351 0 FBIS4-50587 0
351 0 FBIS4-50657 0
351 0 FBIS4-50786 0
351 0 FBIS4-50873 0
351 0 FBIS4-50935 0
351 0 FBIS4-51224 0
351 0 FBIS4-51793 0
351 0 FBIS4-51794 0
351 0 FBIS4-51815 0
351 0 FBIS4-52240 0
351 0 FBIS4-52400 0
351 0 FBIS4-52579 0
351 0 FBIS4-54540 0
351 0 FBIS4-56243 1
351 0 FBIS4-56463 0
351 0 FBIS4-56464 0
351 0 FBIS4-56465 0
351 0 FBIS4-56466 0
351 0 FBIS4-56741 1
351 0 FBIS4-57046 0
351 0 FBIS4-57264 0
351 0 FBIS4-57354 1
351 0 FBIS4-57581 0
351 0 FBIS4-57629 0
351 0 FBIS4-57873 0
351 0 FBIS4-58253 0
351 0 FBIS4-59571 0
351 0 FBIS4-6157 0
351 0 FBIS4-62269 0
351 0 FBIS4-6228 0
351 0 FBIS4-62690 0
351 0 FBIS4-62713 0
351 0 FBIS4-62853 0
351 0 FBIS4-62965 0
351 0 FBIS4-6355 0
351 0 FBIS4-6362 0
351 0 FBIS4-63757 0
351 0 FBIS4-64523 0
351 0 FBIS4-64976 1
351 0 FBIS4-6602 0
351 0 FBIS4-66161 0
351 0 FBIS4-66185 0
351 0 FBIS4-66370 0
351 0 FBIS4-66372 0
351 0 FBIS4-66382 0
351 0 FBIS4-6710 0
351 0 FBIS4-67533 0
351 0 FBIS4-68636 0
351 0 FBIS4-68784 0
351 0 FBIS4-7511 0
351 0 FBIS4-8173 0
351 0 FBIS4-8230 0
351 0 FBIS4-9737 0
351 0 FBIS4-9936 0
351 0 FBIS4-9937 1
351 0 FBIS4-9968 0
351 0 FT911-1098 0
351 0 FT911-1338 0
351 0 FT911-1396 0
351 0 FT911-18 0
351 0 FT911-1943 0
351 0 FT911-2029 0
351 0 FT911-2116 0
351 0 FT911-3129 0
351 0 FT911-3135 0
351 0 FT911-348 0
351 0 FT911-3891 0
351 0 FT911-3978 0
351 0 FT911-4019 0
351 0 FT911-4931 0
351 0 FT911-5079 0
351 0 FT911-669 0
351 0 FT911-753 0
351 0 FT911-828 0
351 0 FT911-846 0
351 0 FT921-10105 0
351 0 FT921-10168 0
351 0 FT921-1060 0
351 0 FT921-10790 0
351 0 FT921-10839 0
351 0 FT921-10909 0
351 0 FT921-10927 0
351 0 FT921-10970 0
351 0 FT921-1126 0
351 0 FT921-11304 0
351 0 FT921-11479 0
351 0 FT921-11638 0
351 0 FT921-12166 0
351 0 FT921-12691 0
351 0 FT921-12979 0
351 0 FT921-1306 0
351 0 FT921-13091 0
351 0 FT921-13343 0
351 0 FT921-13397 0
351 0 FT921-13645 0
351 0 FT921-14276 0
351 0 FT921-15021 0
351 0 FT921-15124 0
351 0 FT921-15534 0
351 0 FT921-16067 0
351 0 FT921-16193 0
351 0 FT921-16414 0
351 0 FT921-1950 0
351 0 FT921-2097 1
351 0 FT921-2098 0
351 0 FT921-2472 0
351 0 FT921-2495 0
351 0 FT921-2625 0
351 0 FT921-3038 0
351 0 FT921-3445 0
351 0 FT921-4082 0
351 0 FT921-4287 0
351 0 FT921-4997 0
351 0 FT921-5925 0
351 0 FT921-6272 1
351 0 FT921-6329 0
351 0 FT921-6525 0
351 0 FT921-6603 1
351 0 FT921-6669 0
351 0 FT921-7646 0
351 0 FT921-79 0
351 0 FT921-8129 0
351 0 FT921-8241 0
351 0 FT921-8248 0
351 0 FT921-8343 0
351 0 FT921-8458 1
351 0 FT921-9198 0
351 0 FT921-9722 0
351 0 FT921-9842 0
351 0 FT922-10155 0
351 0 FT922-10811 0
351 0 FT922-11621 0
351 0 FT922-12071 0
351 0 FT922-13149 0
351 0 FT922-14255 0
351 0 FT922-14626 0
351 0 FT922-14637 0
351 0 FT922-14638 0
351 0 FT922-14725 0
351 0 FT922-14936 1
351 0 FT922-15099 1
351 0 FT922-15417 0
351 0 FT922-1585 0
351 0 FT922-1812 0
351 0 FT922-1889 0
351 0 FT922-2188 0
351 0 FT922-2323 0
351 0 FT922-2368 0
351 0 FT922-2510 0
351 0 FT922-3165 1
351 0 FT922-3431 0
351 0 FT922-3472 0
351 0 FT922-3549 0
351 0 FT922-4145 0
351 0 FT922-4670 0
351 0 FT922-637 0
351 0 FT922-6599 0
351 0 FT922-7319 0
351 0 FT922-7812 0
351 0 FT922-8322 0
351 0 FT922-8324 1
351 0 FT922-8327 0
351 0 FT922-8779 0
351 0 FT922-8798 0
351 0 FT922-9046 0
351 0 FT922-9366 0
351 0 FT922-9866 0
351 0 FT922-9964 0
351 0 FT923-10571 0
351 0 FT923-10770 0
351 0 FT923-11397 0
351 0 FT923-11890 1
351 0 FT923-12066 0
351 0 FT923-12098 0
351 0 FT923-12188 0
351 0 FT923-12202 0
351 0 FT923-12271 0
351 0 FT923-12334 0
351 0 FT923-1236 0
351 0 FT923-12937 0
351 0 FT923-1299 0
351 0 FT923-13483 0
351 0 FT923-1456 1
351 0 FT923-15325 0
351 0 FT923-15402 0
351 0 FT923-15447 0
351 0 FT923-15712 0
351 0 FT923-2214 0
351 0 FT923-2828 0
351 0 FT923-3112 0
351 0 FT923-3473 0
351 0 FT923-421 0
351 0 FT923-4958 0
351 0 FT923-528 0
351 0 FT923-5689 0
351 0 FT923-5903 0
351 0 FT923-5912 0
351 0 FT923-6420 0
351 0 FT923-665 0
351 0 FT923-7035 0
351 0 FT923-7282 0
351 0 FT923-812 0
351 0 FT923-8984 0
351 0 FT923-9278 0
351 0 FT923-9547 0
351 0 FT923-9717 0
351 0 FT923-9765 0
351 0 FT923-9825 0
351 0 FT923-9828 0
351 0 FT924-10511 0
351 0 FT924-11025 0
351 0 FT924-11289 0
351 0 FT924-12286 0
351 0 FT924-13057 0
351 0 FT924-13356 0
351 0 FT924-13373 0
351 0 FT924-13861 0
351 0 FT924-14736 0
351 0 FT924-14912 0
351 0 FT924-15463 0
351 0 FT924-1564 1
351 0 FT924-2584 0
351 0 FT924-4170 0
351 0 FT924-4559 0
351 0 FT924-4684 0
351 0 FT924-7036 0
351 0 FT924-86 0
351 0 FT924-8640 0
351 0 FT924-8967 0
351 0 FT924-8993 0
351 0 FT924-8994 0
351 0 FT924-9201 0
351 0 FT924-9400 0
351 0 FT924-9877 0
351 0 FT924-9893 0
351 0 FT931-10250 0
351 0 FT931-10913 1
351 0 FT931-11701 0
351 0 FT931-11864 0
351 0 FT931-12596 0
351 0 FT931-12754 0
351 0 FT931-12780 0
351 0 FT931-13105 0
351 0 FT931-1331 0
351 0 FT931-13409 0
351 0 FT931-13614 0
351 0 FT931-13833 0
351 0 FT931-13992 0
351 0 FT931-14028 0
351 0 FT931-14052 0
351 0 FT931-14246 0
351 0 FT931-14340 0
351 0 FT931-1450 0
351 0 FT931-1493 0
351 0 FT931-15577 0
351 0 FT931-15581 0
351 0 FT931-15733 0
351 0 FT931-15835 0
351 0 FT931-16104 0
351 0 FT931-16423 0
351 0 FT931-16617 1
351 0 FT931-1709 0
351 0 FT931-17095 0
351 0 FT931-1725 0
351 0 FT931-1972 0
351 0 FT931-2330 0
351 0 FT931-2332 0
351 0 FT931-2345 0
351 0 FT931-2453 0
351 0 FT931-254 0
351 0 FT931-2746 0
351 0 FT931-2850 0
351 0 FT931-2870 0
351 0 FT931-2913 0
351 0 FT931-3057 0
351 0 FT931-3219 0
351 0 FT931-3231 0
351 0 FT931-3271 0
351 0 FT931-4591 0
351 0 FT931-5130 0
351 0 FT931-5172 0
351 0 FT931-5184 0
351 0 FT931-6029 0
351 0 FT931-6255 0
351 0 FT931-6308 0
351 0 FT931-66 0
351 0 FT931-697 0
351 0 FT931-701 0
351 0 FT931-714 0
351 0 FT931-721 0
351 0 FT931-732 0
351 0 FT931-7633 0
351 0 FT931-7638 0
351 0 FT931-8363 0
351 0 FT931-8557 0
351 0 FT931-900 0
351 0 FT931-9051 0
351 0 FT931-932 1
351 0 FT931-962 0
351 0 FT932-10011 0
351 0 FT932-10055 0
351 0 FT932-10097 0
351 0 FT932-10191 0
351 0 FT932-10353 0
351 0 FT932-10557 0
351 0 FT932-11842 0
351 0 FT932-12455 0
351 0 FT932-12465 0
351 0 FT932-13583 0
351 0 FT932-13904 0
351 0 FT932-13922 0
351 0 FT932-13928 0
351 0 FT932-13937 0
351 0 FT932-14312 0
351 0 FT932-14361 0
351 0 FT932-14392 0
351 0 FT932-14398 0
351 0 FT932-14945 0
351 0 FT932-15108 0
351 0 FT932-15115 0
351 0 FT932-15537 0
351 0 FT932-15555 0
351 0 FT932-15911 0
351 0 FT932-15915 0
351 0 FT932-15974 0
351 0 FT932-1598 0
351 0 FT932-16434 0
351 0 FT932-16710 1
351 0 FT932-16857 0
351 0 FT932-17061 0
351 0 FT932-17180 0
351 0 FT932-17393 0
351 0 FT932-17486 0
351 0 FT932-2389 0
351 0 FT932-2551 0
351 0 FT932-2896 0
351 0 FT932-29 0
351 0 FT932-323 0
351 0 FT932-339 0
351 0 FT932-3468 0
351 0 FT932-3517 0
351 0 FT932-3907 0
351 0 FT932-4022 0
351 0 FT932-4031 0
351 0 FT932-4035 0
351 0 FT932-4161 0
351 0 FT932-4338 0
351 0 FT932-435 0
351 0 FT932-4704 0
351 0 FT932-5074 0
351 0 FT932-5368 0
351 0 FT932-5485 0
351 0 FT932-5728 0
351 0 FT932-5965 0
351 0 FT932-6054 0
351 0 FT932-6221 0
351 0 FT932-6225 0
351 0 FT932-6572 0
351 0 FT932-6577 1
351 0 FT932-6581 0
351 0 FT932-6582 0
351 0 FT932-6584 0
351 0 FT932-68 0
351 0 FT932-6949 0
351 0 FT932-7164 0
351 0 FT932-7315 0
351 0 FT932-7492 0
351 0 FT932-8073 0
351 0 FT932-8251 0
351 0 FT932-8287 0
351 0 FT932-8350 0
351 0 FT932-9303 0
351 0 FT932-950 0
351 0 FT932-9712 0
351 0 FT932-9729 0
351 0 FT932-9759 0
351 0 FT932-9852 0
351 0 FT932-9857 0
351 0 FT933-10263 0
351 0 FT933-10407 0
351 0 FT933-10580 0
351 0 FT933-10587 0
351 0 FT933-11518 0
351 0 FT933-11637 0
351 0 FT933-11660 0
351 0 FT933-11896 0
351 0 FT933-1251 0
351 0 FT933-13332 0
351 0 FT933-13506 0
351 0 FT933-13929 0
351 0 FT933-14032 0
351 0 FT933-14160 0
351 0 FT933-14170 0
351 0 FT933-1429 0
351 0 FT933-14317 0
351 0 FT933-14678 0
351 0 FT933-14760 0
351 0 FT933-15222 0
351 0 FT933-15228 0
351 0 FT933-15649 0
351 0 FT933-15700 0
351 0 FT933-16317 0
351 0 FT933-16835 0
351 0 FT933-1721 0
351 0 FT933-1753 0
351 0 FT933-2252 0
351 0 FT933-2620 0
351 0 FT933-269 0
351 0 FT933-2824 0
351 0 FT933-292 0
351 0 FT933-3102 0
351 0 FT933-3146 0
351 0 FT933-3149 0
351 0 FT933-3383 0
351 0 FT933-3388 0
351 0 FT933-3457 0
351 0 FT933-3483 0
351 0 FT933-3516 0
351 0 FT933-3624 0
351 0 FT933-3821 0
351 0 FT933-3982 0
351 0 FT933-4575 0
351 0 FT933-4696 0
351 0 FT933-4757 0
351 0 FT933-4873 0
351 0 FT933-4879 0
351 0 FT933-5360 0
351 0 FT933-5410 0
351 0 FT933-5921 0
351 0 FT933-5953 0
351 0 FT933-6357 0
351 0 FT933-6527 0
351 0 FT933-7165 0
351 0 FT933-719 0
351 0 FT933-8283 0
351 0 FT933-8945 0
351 0 FT933-8983 0
351 0 FT933-9214 0
351 0 FT933-9416 0
351 0 FT933-9424 0
351 0 FT933-9931 0
351 0 FT934-10094 0
351 0 FT934-11440 0
351 0 FT934-11446 0
351 0 FT934-12220 0
351 0 FT934-12287 0
351 0 FT934-1252 0
351 0 FT934-12528 0
351 0 FT934-13429 1
351 0 FT934-1364 0
351 0 FT934-13822 0
351 0 FT934-13954 1
351 0 FT934-14395 0
351 0 FT934-14746 0
351 0 FT934-14977 0
351 0 FT934-15254 0
351 0 FT934-154 0
351 0 FT934-16390 0
351 0 FT934-16484 0
351 0 FT934-1729 0
351 0 FT934-1786 0
351 0 FT934-1885 0
351 0 FT934-2085 0
351 0 FT934-2248 0
351 0 FT934-2252 0
351 0 FT934-2581 0
351 0 FT934-3258 0
351 0 FT934-4365 0
351 0 FT934-4493 0
351 0 FT934-4629 1
351 0 FT934-4663 0
351 0 FT934-4848 1
351 0 FT934-4856 1
351 0 FT934-504 0
351 0 FT934-5297 0
351 0 FT934-5372 0
351 0 FT934-5985 0
351 0 FT934-5988 0
351 0 FT934-6096 0
351 0 FT934-6097 0
351 0 FT934-6165 0
351 0 FT934-6170 0
351 0 FT934-7429 0
351 0 FT934-751 0
351 0 FT934-7685 0
351 0 FT934-769 0
351 0 FT934-8009 0
351 0 FT934-841 0
351 0 FT934-8659 0
351 0 FT941-10160 0
351 0 FT941-10165 0
351 0 FT941-11184 0
351 0 FT941-11293 0
351 0 FT941-11861 0
351 0 FT941-11936 0
351 0 FT941-12174 0
351 0 FT941-12339 0
351 0 FT941-12534 0
351 0 FT941-1260 0
351 0 FT941-12959 0
351 0 FT941-13004 0
351 0 FT941-13160 0
351 0 FT941-13429 1
351 0 FT941-13554 0
351 0 FT941-14228 0
351 0 FT941-15231 0
351 0 FT941-15233 0
351 0 FT941-15936 0
351 0 FT941-17041 0
351 0 FT941-17378 0
351 0 FT941-17534 0
351 0 FT941-1843 0
351 0 FT941-1932 0
351 0 FT941-2146 0
351 0 FT941-2639 0
351 0 FT941-2768 0
351 0 FT941-3133 0
351 0 FT941-3222 0
351 0 FT941-3903 0
351 0 FT941-484 0
351 0 FT941-4859 0
351 0 FT941-5134 0
351 0 FT941-522 0
351 0 FT941-5536 0
351 0 FT941-629 0
351 0 FT941-6551 0
351 0 FT941-6552 0
351 0 FT941-708 0
351 0 FT941-7250 1
351 0 FT941-7463 0
351 0 FT941-7491 0
351 0 FT941-795 0
351 0 FT941-7952 0
351 0 FT941-8236 0
351 0 FT941-8836 0
351 0 FT941-8945 0
351 0 FT941-9013 0
351 0 FT941-9253 0
351 0 FT941-9999 1
351 0 FT942-10612 0
351 0 FT942-1075 0
351 0 FT942-11134 0
351 0 FT942-11570 0
351 0 FT942-12192 0
351 0 FT942-12329 0
351 0 FT942-1252 0
351 0 FT942-12657 0
351 0 FT942-12805 1
351 0 FT942-12894 0
351 0 FT942-13168 0
351 0 FT942-13306 0
351 0 FT942-14018 0
351 0 FT942-1461 0
351 0 FT942-14672 0
351 0 FT942-14944 0
351 0 FT942-15792 0
351 0 FT942-1598 0
351 0 FT942-16270 0
351 0 FT942-16276 0
351 0 FT942-1660 0
351 0 FT942-16608 0
351 0 FT942-17296 0
351 0 FT942-17339 0
351 0 FT942-1864 0
351 0 FT942-2928 0
351 0 FT942-2935 0
351 0 FT942-3463 0
351 0 FT942-3662 0
351 0 FT942-3947 0
351 0 FT942-3986 0
351 0 FT942-4199 0
351 0 FT942-5497 0
351 0 FT942-5664 0
351 0 FT942-639 0
351 0 FT942-660 0
351 0 FT942-6750 0
351 0 FT942-7164 0
351 0 FT942-7547 0
351 0 FT942-7548 0
351 0 FT942-7698 0
351 0 FT942-8521 0
351 0 FT942-9158 0
351 0 FT942-9164 0
351 0 FT942-9957 0
351 0 FT943-10552 0
351 0 FT943-11222 0
351 0 FT943-12090 0
351 0 FT943-13215 0
351 0 FT943-14303 0
351 0 FT943-14383 0
351 0 FT943-14389 0
351 0 FT943-14758 1
351 0 FT943-14802 0
351 0 FT943-15117 1
351 0 FT943-15402 0
351 0 FT943-15503 0
351 0 FT943-15748 0
351 0 FT943-16024 0
351 0 FT943-16243 0
351 0 FT943-1902 0
351 0 FT943-2256 0
351 0 FT943-2295 0
351 0 FT943-2735 0
351 0 FT943-2837 0
351 0 FT943-339 0
351 0 FT943-3631 0
351 0 FT943-3781 0
351 0 FT943-4269 0
351 0 FT943-4708 0
351 0 FT943-4735 0
351 0 FT943-4740 0
351 0 FT943-5294 0
351 0 FT943-5521 0
351 0 FT943-573 0
351 0 FT943-6372 0
351 0 FT943-6936 0
351 0 FT943-7346 0
351 0 FT943-7972 0
351 0 FT943-9482 0
351 0 FT943-9992 0
351 0 FT944-10008 0
351 0 FT944-1034 0
351 0 FT944-10523 0
351 0 FT944-10615 0
351 0 FT944-11 0
351 0 FT944-11083 0
351 0 FT944-11191 0
351 0 FT944-11244 0
351 0 FT944-11735 0
351 0 FT944-11847 0
351 0 FT944-11948 0
351 0 FT944-11992 0
351 0 FT944-12 0
351 0 FT944-1204 0
351 0 FT944-12053 0
351 0 FT944-12283 0
351 0 FT944-12428 0
351 0 FT944-12763 0
351 0 FT944-12768 0
351 0 FT944-12837 0
351 0 FT944-1305 0
351 0 FT944-13186 0
351 0 FT944-13464 0
351 0 FT944-13822 0
351 0 FT944-14031 0
351 0 FT944-14045 0
351 0 FT944-14101 0
351 0 FT944-1438 0
351 0 FT944-14704 0
351 0 FT944-1548 0
351 0 FT944-15669 0
351 0 FT944-15849 1
351 0 FT944-1591 0
351 0 FT944-16095 0
351 0 FT944-16800 0
351 0 FT944-17767 0
351 0 FT944-18402 0
351 0 FT944-18771 0
351 0 FT944-2426 0
351 0 FT944-2634 0
351 0 FT944-3703 0
351 0 FT944-4211 0
351 0 FT944-4266 0
351 0 FT944-4279 0
351 0 FT944-4341 0
351 0 FT944-4778 0
351 0 FT944-482 0
351 0 FT944-4848 0
351 0 FT944-5109 0
351 0 FT944-5114 0
351 0 FT944-6105 0
351 0 FT944-6123 0
351 0 FT944-7662 0
351 0 FT944-7828 0
351 0 FT944-796 0
351 0 FT944-8345 0
351 0 FT944-8681 0
351 0 FT944-8731 0
351 0 FT944-9108 0
351 0 FT944-931 0
351 0 FT944-9743 0
351 0 LA010689-0128 0
351 0 LA010689-0148 0
351 0 LA011490-0080 0
351 0 LA011790-0137 0
351 0 LA011889-0121 0
351 0 LA012489-0008 0
351 0 LA020690-0037 0
351 0 LA021089-0081 0
351 0 LA021289-0169 0
351 0 LA021389-0045 0
351 0 LA021690-0066 0
351 0 LA022090-0025 0
351 0 LA022090-0084 0
351 0 LA022390-0101 0
351 0 LA022790-0082 0
351 0 LA030389-0096 0
351 0 LA031190-0135 0
351 0 LA031190-0196 0
351 0 LA031289-0070 0
351 0 LA031390-0158 0
351 0 LA032290-0167 0
351 0 LA032390-0060 0
351 0 LA032889-0146 0
351 0 LA040290-0133 0
351 0 LA040790-0064 0
351 0 LA041089-0037 0
351 0 LA041290-0234 0
351 0 LA041589-0081 0
351 0 LA041690-0038 0
351 0 LA042089-0156 0
351 0 LA042290-0216 0
351 0 LA042789-0010 0
351 0 LA043089-0178 0
351 0 LA050190-0086 0
351 0 LA050190-0192 0
351 0 LA050190-0198 0
351 0 LA050390-0241 0
351 0 LA051489-0168 0
351 0 LA051590-0078 0
351 0 LA051689-0092 0
351 0 LA052289-0038 0
351 0 LA052990-0057 0
351 0 LA060689-0117 0
351 0 LA061589-0007 0
351 0 LA070190-0150 0
351 0 LA070790-0068 0
351 0 LA071089-0058 0
351 0 LA071389-0098 0
351 0 LA071590-0051 0
351 0 LA071789-0081 0
351 0 LA071889-0040 0
351 0 LA072390-0020 0
351 0 LA072490-0119 0
351 0 LA080289-0074 0
351 0 LA080490-0080 0
351 0 LA080589-0060 0
351 0 LA080989-0056 0
351 0 LA081490-0154 0
351 0 LA081889-0151 0
351 0 LA081989-0123 0
351 0 LA082090-0065 0
351 0 LA090489-0064 0
351 0 LA100389-0148 0
351 0 LA100889-0134 0
351 0 LA101489-0005 0
351 0 LA101589-0093 0
351 0 LA101990-0014 0
351 0 LA101990-0149 0
351 0 LA102190-0154 0
351 0 LA102289-0038 0
351 0 LA102389-0104 0
351 0 LA102489-0088 0
351 0 LA102489-0152 0
351 0 LA102690-0032 0
351 0 LA103090-0123 0
351 0 LA110289-0109 0
351 0 LA110790-0002 0
351 0 LA111089-0134 0
351 0 LA111290-0139 1
351 0 LA111389-0074 0
351 0 LA111390-0087 0
351 0 LA112389-0108 0
351 0 LA112590-0223 0
351 0 LA120489-0070 0
351 0 LA120489-0122 0
351 0 LA120990-0071 0
351 0 LA121089-0199 0
351 0 LA121190-0163 0
351 0 LA121290-0126 0
351 0 LA121489-0128 0
351 0 LA121489-0155 0
351 0 LA122190-0124 0
351 0 LA122489-0057 0